Array:14 17 13 15 19 10 3 16 9 12 
pivot(0-9)? 0

0. 10 [0,9]
12 17 13 15 19 10 3 16 9 14 
12 17 13 15 19 10 3 16 9 14 

1. 5 [0,4]
12 13 10 3 9 14 15 16 19 17 
12 13 10 3 9 

2. 4 [6,9]
3 9 10 12 13 14 15 16 19 17 
15 16 19 17 
3 9 10 12 13 14 15 16 17 19 

Array:14 17 13 15 19 10 3 16 9 12 
pivot(0-9)? 1

0. 10 [0,9]
14 12 13 15 19 10 3 16 9 17 
14 12 13 15 19 10 3 16 9 17 

1. 8 [0,7]
14 12 13 15 10 3 16 9 17 19 
14 12 13 15 10 3 16 9 

2. 1 [9,9]
3 9 13 15 10 14 16 12 17 19 
19 
3 9 13 15 10 14 16 12 17 19 

Array:14 17 13 15 19 10 3 16 9 12 
pivot(0-9)? 2

0. 10 [0,9]
14 17 12 15 19 10 3 16 9 13 
14 17 12 15 19 10 3 16 9 13 

1. 4 [0,3]
12 10 3 9 13 17 14 16 15 19 
12 10 3 9 

2. 5 [5,9]
3 9 12 10 13 17 14 16 15 19 
17 14 16 15 19 
3 9 12 10 13 17 14 16 15 19 

Array:14 17 13 15 19 10 3 16 9 12 
pivot(0-9)? 3

0. 10 [0,9]
14 17 13 12 19 10 3 16 9 15 
14 17 13 12 19 10 3 16 9 15 

1. 6 [0,5]
14 13 12 10 3 9 15 16 17 19 
14 13 12 10 3 9 

2. 3 [7,9]
3 9 12 10 14 13 15 16 17 19 
16 17 19 
3 9 12 10 14 13 15 16 17 19 

Array:14 17 13 15 19 10 3 16 9 12 
pivot(0-9)? 4

0. 10 [0,9]
14 17 13 15 12 10 3 16 9 19 
14 17 13 15 12 10 3 16 9 19 

1. 9 [0,8]
14 17 13 15 12 10 3 16 9 19 
14 17 13 15 12 10 3 16 9 
3 9 13 15 12 10 14 16 17 19 

Array:14 17 13 15 19 10 3 16 9 12 
pivot(0-9)? 5

0. 10 [0,9]
14 17 13 15 19 12 3 16 9 10 
14 17 13 15 19 12 3 16 9 10 

1. 2 [0,1]
3 9 10 15 19 12 14 16 17 13 
3 9 

2. 7 [3,9]
3 9 10 15 19 12 14 16 17 13 
15 19 12 14 16 17 13 
3 9 10 12 13 15 14 16 17 19 

Array:14 17 13 15 19 10 3 16 9 12 
pivot(0-9)? 6

0. 10 [0,9]
14 17 13 15 19 10 12 16 9 3 
14 17 13 15 19 10 12 16 9 3 

1. 9 [1,9]
3 17 13 15 19 10 12 16 9 14 
17 13 15 19 10 12 16 9 14 
3 13 10 12 9 14 15 16 19 17 

Array:14 17 13 15 19 10 3 16 9 12 
pivot(0-9)? 7

0. 10 [0,9]
14 17 13 15 19 10 3 12 9 16 
14 17 13 15 19 10 3 12 9 16 

1. 7 [0,6]
14 13 15 10 3 12 9 16 19 17 
14 13 15 10 3 12 9 

2. 2 [8,9]
3 9 15 10 14 12 13 16 19 17 
19 17 
3 9 15 10 14 12 13 16 17 19 

Array:14 17 13 15 19 10 3 16 9 12 
pivot(0-9)? 8

0. 10 [0,9]
14 17 13 15 19 10 3 16 12 9 
14 17 13 15 19 10 3 16 12 9 

1. 1 [0,0]
3 9 13 15 19 10 14 16 12 17 
3 

2. 8 [2,9]
3 9 13 15 19 10 14 16 12 17 
13 15 19 10 14 16 12 17 
3 9 13 15 10 14 16 12 17 19 

Array:14 17 13 15 19 10 3 16 9 12 
pivot(0-9)? 9

0. 10 [0,9]
14 17 13 15 19 10 3 16 9 12 
14 17 13 15 19 10 3 16 9 12 

1. 3 [0,2]
10 3 9 12 19 14 17 16 13 15 
10 3 9 

2. 6 [4,9]
3 9 10 12 19 14 17 16 13 15 
19 14 17 16 13 15 
3 9 10 12 14 13 15 16 19 17 
